Lettosuo Laiho:

watcont = [[94.69, 49.42, 29.61, 21.56, 20.05, 17.83, 16.54],
           [91.41, 66.26, 56.98, 45.58, 41.44, 39.32, 37.89],
           [89.12, -999, 72.83, 63.97, 54.40, 50.15, 48.80],
           [89.46, -999, 82.46, 76.79, 66.93, 63.61, 62.53],
           [92.22, -999, 87.06, 78.02, 74.76, 72.77, 71.70],
           [91.98, 66.70, 57.49, 39.95, 34.41, 29.83, 28.39],
           [88.75, 78.98, 78.77, 75.83, 72.37, 61.35, 45.66],
           [91.93, -999, 83.65, 78.39, 75.56, 74.08, 73.10],
           [93.45, 87.44, 87.33, 77.95, 76.46, 75.01, 73.01],
           [93.32, 87.15, 86.73, 82.90, 81.84, 80.51, 79.55],
           [93.05, 54.55, 42.88, 33.98, 29.80, 26.90, 25.87],
           [92.90, 78.15, 72.19, 54.47, 51.05, 49.66, 48.35],
           [90.11, -999, 80.86, 77.98, 69.66, 60.70, 53.40],
           [93.14, -999, 83.81, 78.69, 74.86, 73.26, 72.25],
           [93.17, -999, 89.76, 80.05, 76.67, 74.21, 72.84]]

head = [0.0001, 0.3, 0.981, 4.905, 9.81, 33.0, 98.1]

Päivänen Sphagnum

watcont = [[93.3, 73, 43.4, 25.4, 22.3, 19.9, 17.1, 13.7, 10.8, 8.3, -999],
           [94.5, 59.8, 42.4, 27.1, 24.7, 23.2, 19.4, 17.2, 13.8, 10.4, -999],
           [92.9, 70, 47.9, 31.5, 27.2, 21.9, 21.4, 20.4, 14.6, 12.9, -999],
           [94.6, 77.8, 53.9, 34.5, 25.3, 21.3, 18.3, 15.3, 13.4, 9.4, -999],
           [92.7, 89.4, 66.2, 45.3, 35.2, 26.4, 24, 23.2, 18.5, 18.7, -999],
           [92, 75, 53.7, 40.8, 37.3, -999, 29.5, 27.1, -999, 18, -999],
           [94, 91.3, 66.1, 44.8, 31.2, 28.4, 25.2, -999, 20.8, 18, -999],
           [94.3, 91.4, 80, 48.5, -999, 33.1, 24.5, 23, -999, 12.8, 9.5],
           [92, 65.6, 50.4, 36.4, 34.9, 28.5, 25.4, 22.4, 16.4, 15.4, -999],
           [93.9, 87.2, 74.5, 53.4, -999, 29.5, 25.7, 21.1, -999, 15.4, 11.9],
           [92.2, 76.8, 50.7, 32.1, 31.4, 28.5, 25.9, 22, 17.6, 14.1, -999],
		   [90.9, 80.4, 62, 44.1, 38.2, 28.1, 26.5, 23.7, 22.9, 15.5, -999],
           [91.6, 87.4, 76.4, 53.2, -999, 32.9, 29.9, 26.1, -999, 14.9, 13.5],
           [92.9, 82.2, 62, 45.4, -999, 25.6, 23.4, 19.6, -999, 13.7, 11.2],
           [89.7, 86.4, 69.2, 51.6, 45.8, 37.7, 36.1, -999, 30.1, 27.5, -999],
           [91.6, 89.4, 78.5, 54.6, 38.3, 30.7, 28, 24.7, 20.6, 17.5, -999],
           [90.1, 80.1, 61.3, 41.6, -999, 27.2, 24.6, 20.7, -999, 13.1, 11.3],
           [90.4, 76.5, 61.6, 46.4, 40.8, 33.2, 29.6, 27, 23.1, 17.5, -999],
           [90, 88.6, 75, 63.3, -999, 38.7, 32.3, 29.1, 21, 19, -999],
           [90.7, 84.8, 73.7, 60.5, -999, 38.4, 32.9, 28.4, -999, 20.4, 17.2],
           [91.1, 88.2, 77.8, 61.6, -999, 35, 30.4, 30.2, -999, 20.5, 17.9],
           [89.3, 84, 71, 55.4, 49.2, 38.7, 31.4, 27.7, 25.7, 24.1, -999],
           [90, 89.6, 83.7, 64.2, 52.1, 39.3, 29.8, 26.6, 23.6, 20.3, -999],
           [89.3, 86.4, 77, 65.8, 56, 41.3, 29, 25.1, 20.5, 17.6, -999],
           [89.2, 87.5, 81, 70.8, -999, 37.3, 31.1, 30.8, -999, 16.2, 14.8],
           [85.5, 84.9, 79.8, 68.4, -999, 46.6, 40.9, 35.1, -999, 25.4, 20.2]]
		   
head = [0.0001, 1, 3.2, 10, 20, 60, 100, 200, 500, 1000, 1500]

Päivänen Sedge

watcont = [[94.3, 68, 47.9, 35.5, 22, 18.4, 16.7, 12.6, 7.9, 6.3, -999],
           [91.7, 82.9, 61.8, 35.9, 31.7, 25.2, 23.4, 19.2, 17.3, 14.4, -999],
           [90.6, 86.2, 56.4, 36.4, 33.4, 29.8, 26.8, 23.5, 20.2, 16.4, -999],
           [89.7, 85, 74.5, 53.4, 36, 29, 24.7, 22.1, 17.6, 14.7, -999],
           [87.3, 85.4, 77.8, 64, 41.4, 28.8, 23.4, 22.7, 21.9, 17, -999],
           [89.3, 86.5, 80.7, 52.5, 45.6, 35.4, 32, 25.1, 20.6, 18.4, -999],
           [91, 89.9, 84.7, 60, -999, 33.8, 27.2, 29.3, -999, 17.2, 12.9],
           [89.3, 87.2, 79.2, 59.8, 53.8, 46.3, 41.5, 36.1, 32, 28.6, -999],
           [87.2, 77.7, 76.2, 56.4, -999, 33.3, 31.6, 28.8, -999, 17.3, 15.7],
           [84.2, 83.7, 76, 56.6, 44.2, 41.2, 37.4, -999, 36.3, 32.6, -999],
           [83.9, 80.7, 78.8, 67.1, 54.7, 41, 37.4, 35.2, 29.3, 27, -999],
           [87.2, 84.3, 81.6, 71.7, 55.1, 43.4, 36.8, 33.4, 29, 27.3, -999],
           [82.4, 81.8, 70.5, 57.5, 50.1, 48.2, 44.2, 42.5, 41.9, 32.4, -999],
           [81.8, 77.7, 75.1, 64.7, 56.8, 43.4, 40, 32.6, 27.1, 27, -999]]
		   
head = [0.0001, 1, 3.2, 10, 20, 60, 100, 200, 500, 1000, 1500]
		   
Päivänen Woody

watcont = [[90.3, 79.4, 69.8, 54.6, 42.4, -999, 29.8, 27.1, -999, 23.3, -999],
           [90.5, 80.4, 65.8, 47.8, 36.3, 33.2, 27.8, 26.2, 21.4, 21.3, -999],
           [88.4, 82, 69.6, 53.9, 43.3, 35.3, 31.9, 27.8, 24, 23.4, -999],
           [86.7, 83.1, 69.6, 57.9, 49.3, 45.2, 43.6, -999, 36.4, 31.5, -999],
           [84.6, 82.1, 76, 58.3, 49.4, 39.9, 36.2, 30.7, 26, 26.3, -999],
           [83.3, 80, 70.8, 59.9, 50.9, -999, 40.5, 33.4, 30.3, 29.4, -999],
           [82.2, 81.3, 79.4, 65.5, -999, 44.6, 42.6, 38.7, -999, 25.7, 21.3]]

head = [0.0001, 1, 3.2, 10, 20, 60, 100, 200, 500, 1000, 1500]


